R1 = [7.96e+005 1.63e+003 -3.36e+004;
      1.63e+003  8.68e+005 -2.74e+004;
     -3.36e+004 -2.74e+004 1.24e+005]
 
R2 = [1.22e+005 837 507;
       837 1e+005 5.38e+003;
       507 5.38e+003 5.78e+004]
   
R3 = [1.01e+006 6.68e+004 6.01e+003;
      6.68e+004 5.04e+005 1.62e+005;
      6.01e+003 1.62e+005 6.67e+005]

R4 = [1.98e+005 787 -151;
      787 7.83e+004 7.53e+003;
     -151 7.53e+003 2.24e+005]
 
R5 = [5.76e+005 -6.34e+004 794;
     -6.34e+004 1.39e+005 -1.01e+004;
      794 -1.01e+004 6e+005]
  
R6 = [1.98e+005 -2.17e+003 170;
     -2.17e+003 7.84e+004 7.55e+003;
      170 7.55e+003 2.24e+005]
  
R7  = [7.96e+005 -1.6e+003 3.27e+004;
      -1.6e+003 8.67e+005 -2.89e+004;
       3.27e+004 -2.89e+004 1.24e+005]

R8 = [1.22e+005 837 507;
      837 1e+005 5.38e+003;
      507 5.38e+003 5.78e+004]
  
R9 = [331181.84 339.01 104.69;
      339.01 292685.37 -1083.91;
      104.69 -1083.91 189820.9]
   
R10 = [3.77e+004 -47.5 3.92e+003;
      -47.5 5.78e+004 -298;
       3.92e+003 -298 4.42e+004]
   
R11 = [3.77e+004 42.7 -3.92e+003;
       42.7 5.78e+004 -297;
      -3.92e+003 -297 4.42e+004]
  
R12 = [3.53e+004 -12.8 -286;
      -12.8 2.98e+004 289;
      -286 289 2.73e+004]
  
R13 = [3.15e+003 -0.03 -0.15;
      -0.03 1.15e+003 -49.8;
      -0.15 -49.8 3.45e+003]
  
R14 = [2.03e+005 -544 -223;
      -544 2.11e+005 1.18e+004;
      -223 1.18e+004 3.32e+005]
 
R15 = [4.41e+005 -12.9 -645;
      -12.9 1.84e+006 -3.29e+003;
      -645 -3.29e+003 1.66e+006]
  
R16 = [1.22e+005 357 65;
       357 1.02e+005 -2.86e+003;
       65 -2.86e+003 5.74e+004]
 
R17 = [7.87e+004 -444 -99.8;
      -444 5.62e+004 4.37e+003;
      -99.8 4.37e+003 7.28e+004]
  
R18 = [2.19e+003 0 85.6;
       0 3.31e+003 0;
       85.6 0 1.88e+003]
   
R19 = [1.68e+005 465 9.34;
       465 2.89e+004 3.17e+003;
       9.34 3.17e+003 1.63e+005]
   
R20 = [1.83e+004 0.47 1.15;
       0.47 1.03e+004 870;
       1.15 870 1.62e+004]
   
R21 = [5.48e+004 -5.19e+003 488;
      -5.19e+003 1.1e+004 -4.08e+003;
       488 -4.08e+003 5.75e+004]
   
R22 = [2.19e+003 0 -85.3;
       0 3.31e+003 0;
      -85.3  0 1.88e+003]
  
R23 = [1.68e+005 465 9.34;
       465 2.89e+004 3.17e+003;
       9.34 3.17e+003 1.63e+005]
   
R24 = [1.83e+004 0.47 1.15;
 	   0.47 1.03e+004 870;
       1.15 870 1.62e+004]
   
R25 = [5.48e+004 4.79e+003 -582;
       4.79e+003 1.09e+004 -4.08e+003;
       -582 -4.08e+003 5.74e+004]